SCMBranch=Platform
SCMRepository=Platform/DeviceClient/ClientDeviceCrm/Resources/DeviceClient/Ui
SCMMainlineUUID={35962c55-d8df-4d5b-a4b4-a15c6b8a0b7c}
SCMBranchRepositoryID=1537704
Chart.js;3349409797;8;1348587842;
MultiWindow.js;3078474657;23;1348587842;
PopupWindow.js;1639121012;14;1348587842;
styles.js;4062069088;3;1348587842;
UI.js;3256482822;8;1348587842;
TableRowHelp.js;3315024558;38;1349817241;
SearchResultsListGrid.js;106902656;4;1350345280;
GridHelper.js;3513031643;9;1350678233;
FormSection.js;2166696517;22;1354300072;
FormSectionColumn.js;1032825065;24;1354300072;
FormSectionField.js;13897793;35;1354300072;
SecondaryGrid.js;844401512;66;1354300072;
Search.js;2970054484;69;1354646433;
Activity.js;3980378250;7;1354646473;
Form.js;2488008820;79;1358208873;
Popover.js;1190453768;1;1358208873;
SelectionDialog.js;3694576204;5;1358208873;
SplitView.js;554144681;33;1358208873;
